Число шагов;Результат программы;Ожидаемый результат;Абсолютная погрешность;Относительная погрешность
1; 43,35398; 63,63990; -20,28592; -0,318761
2; 43,35398; 63,63990; -20,28592; -0,318761
3; 63,42794; 63,63990; -0,21196; -0,00333055
4; 81,05309; 63,63990; 17,41319; 0,273621
5; 63,63154; 63,63990; -0,00836; -0,000131393
6; 75,67210; 63,63990; 12,03220; 0,189067
7; 73,48150; 63,63990; 9,84160; 0,154645
8; 73,12141; 63,63990; 9,48151; 0,148987
9; 70,50489; 63,63990; 6,86499; 0,107872
10; 63,63153; 63,63990; -0,00837; -0,000131513
11; 68,82288; 63,63990; 5,18298; 0,0814424
12; 68,45190; 63,63990; 4,81200; 0,075613
13; 63,63993; 63,63990; 0,00003; 4,19593E-07
14; 63,63947; 63,63990; -0,00043; -6,71349E-06
15; 63,63993; 63,63990; 0,00003; 5,39477E-07
16; 63,67945; 63,63990; 0,03955; 0,000621538
17; 63,63992; 63,63990; 0,00002; 2,9971E-07
18; 66,37750; 63,63990; 2,73760; 0,0430171
19; 63,63992; 63,63990; 0,00002; 2,9971E-07
20; 63,64831; 63,63990; 0,00841; 0,000132112
21; 65,91722; 63,63990; 2,27732; 0,0357845
22; 65,79691; 63,63990; 2,15701; 0,0338939
23; 65,68893; 63,63990; 2,04903; 0,0321973
24; 65,59339; 63,63990; 1,95349; 0,030696
25; 63,63993; 63,63990; 0,00003; 4,79535E-07
26; 63,63993; 63,63990; 0,00003; 4,19593E-07
27; 65,34885; 63,63990; 1,70895; 0,0268535
28; 63,64036; 63,63990; 0,00046; 7,25297E-06
29; 65,21874; 63,63990; 1,57884; 0,024809
30; 65,16100; 63,63990; 1,52110; 0,0239017
31; 63,63993; 63,63990; 0,00003; 4,79535E-07
32; 63,64003; 63,63990; 0,00013; 2,09797E-06
33; 63,63992; 63,63990; 0,00002; 2,9971E-07
34; 63,63992; 63,63990; 0,00002; 3,59651E-07
35; 63,63992; 63,63990; 0,00002; 2,9971E-07
36; 64,88872; 63,63990; 1,24882; 0,0196232
37; 63,63992; 63,63990; 0,00002; 3,59651E-07
38; 63,63991; 63,63990; 0,00001; 1,79826E-07
39; 63,63992; 63,63990; 0,00002; 2,9971E-07
40; 63,63992; 63,63990; 0,00002; 3,59651E-07
41; 64,72766; 63,63990; 1,08776; 0,0170924
42; 64,70040; 63,63990; 1,06050; 0,0166641
43; 64,67448; 63,63990; 1,03458; 0,0162568
44; 63,63993; 63,63990; 0,00003; 4,79535E-07
45; 63,63992; 63,63990; 0,00002; 2,39768E-07
46; 64,60397; 63,63990; 0,96407; 0,0151489
47; 64,58258; 63,63990; 0,94268; 0,0148127
48; 63,63992; 63,63990; 0,00002; 3,59651E-07
49; 64,54257; 63,63990; 0,90267; 0,0141841
50; 63,63992; 63,63990; 0,00002; 2,9971E-07
51; 63,63990; 63,63990; 0,00000; 5,99419E-08
52; 63,63992; 63,63990; 0,00002; 3,59651E-07
53; 63,63992; 63,63990; 0,00002; 2,39768E-07
54; 63,63994; 63,63990; 0,00004; 5,99419E-07
55; 64,44087; 63,63990; 0,80097; 0,012586
56; 63,63993; 63,63990; 0,00003; 5,39477E-07
57; 63,63992; 63,63990; 0,00002; 2,9971E-07
58; 64,39825; 63,63990; 0,75835; 0,0119162
59; 63,63990; 63,63990; 0,00000; 5,99419E-08
60; 64,37228; 63,63990; 0,73238; 0,0115082
61; 64,35996; 63,63990; 0,72006; 0,0113146
62; 63,63992; 63,63990; 0,00002; 2,9971E-07
63; 64,33655; 63,63990; 0,69665; 0,0109467
64; 64,32542; 63,63990; 0,68552; 0,0107718
65; 63,63992; 63,63990; 0,00002; 3,59651E-07
66; 64,30418; 63,63990; 0,66428; 0,010438
67; 63,63992; 63,63990; 0,00002; 2,39768E-07
68; 64,28423; 63,63990; 0,64433; 0,0101245
69; 64,27470; 63,63990; 0,63480; 0,00997481
70; 63,63992; 63,63990; 0,00002; 2,9971E-07
71; 63,63991; 63,63990; 0,00001; 1,19884E-07
72; 64,24774; 63,63990; 0,60784; 0,00955126
73; 64,23927; 63,63990; 0,59937; 0,00941819
74; 63,63991; 63,63990; 0,00001; 1,19884E-07
75; 63,63991; 63,63990; 0,00001; 1,79826E-07
76; 63,63991; 63,63990; 0,00001; 1,79826E-07
77; 64,20762; 63,63990; 0,56772; 0,0089208
78; 64,20022; 63,63990; 0,56032; 0,00880451
79; 63,63992; 63,63990; 0,00002; 2,9971E-07
80; 63,63992; 63,63990; 0,00002; 2,9971E-07
81; 64,17918; 63,63990; 0,53928; 0,00847387
82; 63,63990; 63,63990; 0,00000; 5,99419E-08
83; 63,63991; 63,63990; 0,00001; 1,79826E-07
84; 63,63993; 63,63990; 0,00003; 5,39477E-07
85; 64,15343; 63,63990; 0,51353; 0,00806938
86; 63,63991; 63,63990; 0,00001; 1,19884E-07
87; 64,14148; 63,63990; 0,50158; 0,00788152
88; 64,13573; 63,63990; 0,49583; 0,00779113
89; 63,63992; 63,63990; 0,00002; 2,39768E-07
90; 63,63991; 63,63990; 0,00001; 1,19884E-07
91; 63,63992; 63,63990; 0,00002; 2,9971E-07
92; 64,11391; 63,63990; 0,47401; 0,00744838
93; 63,63992; 63,63990; 0,00002; 3,59651E-07
94; 63,63992; 63,63990; 0,00002; 3,59651E-07
95; 64,09878; 63,63990; 0,45888; 0,00721053
96; 64,09393; 63,63990; 0,45403; 0,00713441
97; 64,08924; 63,63990; 0,44934; 0,00706068
98; 64,08458; 63,63990; 0,44468; 0,00698743
99; 63,63992; 63,63990; 0,00002; 2,9971E-07
100; 63,63991; 63,63990; 0,00001; 1,79826E-07
101; 64,07124; 63,63990; 0,43134; 0,00677787
102; 64,06697; 63,63990; 0,42707; 0,00671074
103; 64,06281; 63,63990; 0,42290; 0,00664528
104; 63,63993; 63,63990; 0,00003; 4,79535E-07
105; 64,05466; 63,63990; 0,41476; 0,00651724
106; 64,05071; 63,63990; 0,41081; 0,00645526
107; 63,63991; 63,63990; 0,00001; 1,19884E-07
108; 64,04305; 63,63990; 0,40315; 0,0063349
109; 64,03931; 63,63990; 0,39941; 0,00627616
110; 64,03567; 63,63990; 0,39577; 0,00621885
111; 63,63992; 63,63990; 0,00002; 2,9971E-07
112; 63,63993; 63,63990; 0,00003; 5,39477E-07
113; 63,63992; 63,63990; 0,00002; 2,39768E-07
114; 63,63993; 63,63990; 0,00003; 4,79535E-07
115; 63,63990; 63,63990; 0,00000; 0
116; 64,01505; 63,63990; 0,37515; 0,00589493
117; 64,01182; 63,63990; 0,37192; 0,0058441
118; 63,63990; 63,63990; -0,00000; -5,99419E-08
119; 64,00554; 63,63990; 0,36564; 0,00574543
120; 63,63991; 63,63990; 0,00001; 1,79826E-07
121; 63,99943; 63,63990; 0,35953; 0,00564947
122; 63,63990; 63,63990; 0,00000; 0
123; 63,99355; 63,63990; 0,35365; 0,00555703
124; 63,99070; 63,63990; 0,35080; 0,00551232
125; 63,98786; 63,63990; 0,34796; 0,00546766
126; 63,63991; 63,63990; 0,00001; 1,19884E-07
127; 63,98236; 63,63990; 0,34246; 0,00538117
128; 63,63991; 63,63990; 0,00001; 1,79826E-07
129; 63,63992; 63,63990; 0,00002; 3,59651E-07
130; 63,63993; 63,63990; 0,00003; 4,19593E-07
131; 63,97184; 63,63990; 0,33194; 0,00521597
132; 63,96931; 63,63990; 0,32941; 0,0051761
133; 63,63990; 63,63990; 0,00000; 5,99419E-08
134; 63,96437; 63,63990; 0,32447; 0,00509848
135; 63,63989; 63,63990; -0,00001; -1,19884E-07
136; 63,95956; 63,63990; 0,31966; 0,00502295
137; 63,63992; 63,63990; 0,00002; 3,59651E-07
138; 63,95489; 63,63990; 0,31499; 0,00494952
139; 63,95262; 63,63990; 0,31272; 0,00491392
140; 63,63993; 63,63990; 0,00003; 4,79535E-07
141; 63,94818; 63,63990; 0,30828; 0,00484415
142; 63,94600; 63,63990; 0,30610; 0,0048098
143; 63,94385; 63,63990; 0,30395; 0,00477605
144; 63,63989; 63,63990; -0,00001; -1,79826E-07
145; 63,93963; 63,63990; 0,29973; 0,00470982
146; 63,93756; 63,63990; 0,29766; 0,00467727
147; 63,93553; 63,63990; 0,29563; 0,00464538
148; 63,93354; 63,63990; 0,29364; 0,00461415
149; 63,63992; 63,63990; 0,00002; 2,39768E-07
150; 63,92958; 63,63990; 0,28968; 0,00455181
151; 63,63991; 63,63990; 0,00001; 1,19884E-07
152; 63,92578; 63,63990; 0,28588; 0,00449217
153; 63,63987; 63,63990; -0,00003; -4,19593E-07
154; 63,63991; 63,63990; 0,00001; 1,19884E-07
155; 63,63990; 63,63990; -0,00000; -5,99419E-08
156; 63,63990; 63,63990; -0,00000; -5,99419E-08
157; 63,63992; 63,63990; 0,00002; 2,39768E-07
158; 63,91491; 63,63990; 0,27501; 0,00432127
159; 63,63991; 63,63990; 0,00001; 1,79826E-07
160; 63,63993; 63,63990; 0,00003; 5,39477E-07
161; 63,90976; 63,63990; 0,26986; 0,00424035
162; 63,90810; 63,63990; 0,26820; 0,00421434
163; 63,90644; 63,63990; 0,26654; 0,00418832
164; 63,90478; 63,63990; 0,26488; 0,00416219
165; 63,90318; 63,63990; 0,26328; 0,00413707
166; 63,90158; 63,63990; 0,26168; 0,00411196
167; 63,63992; 63,63990; 0,00002; 2,39768E-07
168; 63,89846; 63,63990; 0,25856; 0,00406286
169; 63,89693; 63,63990; 0,25703; 0,00403883
170; 63,63989; 63,63990; -0,00001; -1,79826E-07
171; 63,89390; 63,63990; 0,25400; 0,00399117
172; 63,89241; 63,63990; 0,25251; 0,0039678
173; 63,89097; 63,63990; 0,25107; 0,0039452
174; 63,63992; 63,63990; 0,00002; 2,9971E-07
175; 63,63993; 63,63990; 0,00003; 4,19593E-07
176; 63,88669; 63,63990; 0,24679; 0,00387794
177; 63,88530; 63,63990; 0,24540; 0,003856
178; 63,63992; 63,63990; 0,00002; 2,9971E-07
179; 63,88254; 63,63990; 0,24264; 0,00381267
180; 63,88118; 63,63990; 0,24128; 0,00379127
181; 63,63992; 63,63990; 0,00002; 3,59651E-07
182; 63,63994; 63,63990; 0,00004; 5,99419E-07
183; 63,87722; 63,63990; 0,23732; 0,00372905
184; 63,87592; 63,63990; 0,23602; 0,00370861
185; 63,63990; 63,63990; 0,00000; 5,99419E-08
186; 63,63993; 63,63990; 0,00003; 4,19593E-07
187; 63,87215; 63,63990; 0,23225; 0,0036495
188; 63,87085; 63,63990; 0,23095; 0,003629
189; 63,86968; 63,63990; 0,22978; 0,0036106
190; 63,63990; 63,63990; 0,00000; 5,99419E-08
191; 63,86726; 63,63990; 0,22736; 0,0035726
192; 63,86602; 63,63990; 0,22612; 0,00355306
193; 63,63988; 63,63990; -0,00002; -2,39768E-07
194; 63,63989; 63,63990; -0,00001; -1,19884E-07
195; 63,86252; 63,63990; 0,22262; 0,00349815
196; 63,63988; 63,63990; -0,00002; -3,59651E-07
197; 63,86029; 63,63990; 0,22039; 0,00346302
198; 63,85919; 63,63990; 0,21929; 0,00344576
199; 63,85806; 63,63990; 0,21816; 0,00342808
200; 63,63992; 63,63990; 0,00002; 3,59651E-07
